0 0.042905 0.231712 0.001407 0.002244
0 0.041827 0.232377 0.001501 0.002078
0 0.043187 0.242269 0.000844 0.000914
0 0.044031 0.242352 0.000844 0.001912
0 0.049283 0.243017 0.001407 0.001912
0 0.050642 0.243142 0.001313 0.001995
0 0.051440 0.244805 0.001594 0.001663
0 0.050173 0.244971 0.001876 0.001663
0 0.047782 0.250956 0.001407 0.001995
0 0.085764 0.289401 0.001594 0.001413
0 0.108037 0.311180 0.001313 0.001247
0 0.106771 0.310183 0.001407 0.001579
0 0.106161 0.310682 0.001313 0.001746
0 0.119713 0.307564 0.001969 0.001164
0 0.114461 0.314090 0.001782 0.001579
0 0.123183 0.314256 0.002157 0.001579
0 0.167589 0.344722 0.002063 0.001829
0 0.199053 0.351704 0.001594 0.001330
0 0.182922 0.358354 0.001407 0.000998
0 0.180437 0.357481 0.001688 0.000914
0 0.225218 0.358354 0.001219 0.001663
0 0.235112 0.373608 0.001501 0.001413
0 0.242802 0.379551 0.001313 0.001330
0 0.235300 0.377847 0.001313 0.001081
0 0.248757 0.380341 0.001407 0.001746
0 0.249179 0.383500 0.001125 0.001081
0 0.249461 0.386409 0.001501 0.001247
0 0.252087 0.385079 0.001125 0.000914
0 0.262731 0.386201 0.001782 0.000998
0 0.259261 0.392311 0.001594 0.000914
0 0.263903 0.390732 0.001501 0.000748
0 0.269061 0.398753 0.003001 0.002328
0 0.272250 0.395719 0.003189 0.002411
0 0.276611 0.401164 0.001969 0.000998
0 0.282378 0.403948 0.001688 0.001081
0 0.285098 0.404447 0.002063 0.001081
0 0.288943 0.406567 0.002063 0.001496
0 0.288193 0.403699 0.001688 0.000914
0 0.292882 0.408853 0.001125 0.001413
0 0.291710 0.408313 0.001219 0.001663
0 0.291053 0.405403 0.001969 0.001164
0 0.291006 0.404156 0.002438 0.001164
0 0.291475 0.402078 0.001501 0.000998
0 0.297243 0.404281 0.001782 0.000914
0 0.295273 0.408687 0.001969 0.001247
0 0.305496 0.408645 0.001782 0.002161
0 0.308590 0.415669 0.001969 0.001912
0 0.384789 0.467914 0.001876 0.001829
0 0.391213 0.469327 0.002157 0.002328
0 0.396136 0.472402 0.001876 0.001330
0 0.398293 0.474730 0.002063 0.001164
0 0.406968 0.484414 0.002907 0.002743
0 0.406874 0.482086 0.002345 0.002244
0 0.416346 0.491646 0.002157 0.002244
0 0.420613 0.498171 0.001125 0.001829
0 0.424599 0.499584 0.001594 0.002161
0 0.430648 0.502494 0.001876 0.002161
0 0.431492 0.511513 0.000938 0.002078
0 0.434821 0.509518 0.001407 0.001746
0 0.427694 0.499543 0.001219 0.001746
0 0.434352 0.512968 0.002345 0.003325
0 0.437447 0.514339 0.002720 0.002909
0 0.436650 0.512552 0.001313 0.001330
0 0.437775 0.511347 0.001501 0.002078
0 0.439698 0.511721 0.001594 0.001164
0 0.441527 0.510141 0.001501 0.001330
0 0.441808 0.513674 0.001876 0.002577
0 0.428210 0.527556 0.002251 0.002244
0 0.445559 0.518371 0.001313 0.001663
0 0.445513 0.522901 0.001782 0.001081
0 0.445044 0.524023 0.001969 0.001330
0 0.455172 0.532585 0.001782 0.001496
0 0.458314 0.534289 0.001501 0.001413
0 0.461737 0.532959 0.001407 0.001579
0 0.447294 0.523940 0.001219 0.001663
0 0.446591 0.524356 0.001125 0.001330
0 0.446732 0.527057 0.001594 0.001912
0 0.445278 0.526185 0.001501 0.001995
0 0.445700 0.528096 0.001969 0.001330
0 0.449827 0.521114 0.002532 0.002494
0 0.449686 0.528886 0.000938 0.001746
0 0.460565 0.536700 0.001688 0.001746
0 0.439932 0.550623 0.002063 0.002161
0 0.450671 0.562968 0.001407 0.001912
0 0.476836 0.556110 0.001407 0.001663
0 0.481712 0.558853 0.001594 0.001330
0 0.477164 0.549293 0.001688 0.001663
0 0.531511 0.650208 0.002345 0.001663
0 0.573009 0.687697 0.002251 0.002494
0 0.575120 0.687032 0.001782 0.001995
0 0.625246 0.723566 0.002251 0.002078
0 0.733893 0.777057 0.003470 0.002328
0 0.768921 0.811305 0.002063 0.002161
