0 0.038978 0.203218 0.001417 0.001588
0 0.044931 0.237150 0.001417 0.001755
0 0.046253 0.237192 0.001228 0.002006
0 0.045923 0.245257 0.000945 0.001755
0 0.044931 0.244421 0.001039 0.001755
0 0.049702 0.247096 0.001134 0.001755
0 0.052726 0.247931 0.000945 0.001755
0 0.052395 0.248934 0.001039 0.001588
0 0.104791 0.308316 0.001323 0.000836
0 0.106822 0.308650 0.001795 0.000836
0 0.108287 0.314250 0.001701 0.000836
0 0.108807 0.315169 0.001795 0.001003
0 0.115988 0.317551 0.001984 0.000919
0 0.161958 0.350982 0.003024 0.001421
0 0.228338 0.367781 0.001228 0.001755
0 0.241472 0.377560 0.001228 0.001254
0 0.242842 0.369411 0.001512 0.001839
0 0.273741 0.388884 0.001323 0.001003
0 0.272182 0.392269 0.001417 0.000752
0 0.273127 0.394442 0.001606 0.000585
0 0.276717 0.396281 0.001795 0.000752
0 0.276576 0.393606 0.001323 0.000585
0 0.276954 0.391517 0.001323 0.000919
0 0.283662 0.399499 0.001890 0.000669
0 0.282434 0.398161 0.001323 0.000669
0 0.288718 0.394024 0.001795 0.000752
0 0.293253 0.401964 0.001606 0.001087
0 0.298261 0.408107 0.001984 0.001170
0 0.298309 0.406895 0.001701 0.001087
0 0.296041 0.406059 0.001701 0.001087
0 0.295710 0.408776 0.001606 0.001170
0 0.297364 0.408901 0.001512 0.000919
0 0.302655 0.411784 0.002268 0.001504
0 0.308466 0.401672 0.002551 0.001170
0 0.309459 0.410531 0.002268 0.002173
0 0.309222 0.411952 0.001984 0.001672
0 0.315648 0.418972 0.001984 0.001839
0 0.317349 0.405850 0.002173 0.002842
0 0.321742 0.415295 0.002268 0.002173
0 0.326231 0.412077 0.002173 0.002424
0 0.325050 0.428751 0.000945 0.001504
0 0.332042 0.427873 0.001701 0.002424
0 0.329396 0.423109 0.001701 0.001588
0 0.331239 0.414041 0.001984 0.001672
0 0.332798 0.418094 0.002268 0.001588
0 0.336341 0.417509 0.002173 0.001588
0 0.342578 0.424822 0.001984 0.001839
0 0.343853 0.424112 0.002646 0.001755
0 0.351885 0.428249 0.002079 0.002340
0 0.352263 0.431049 0.001323 0.001755
0 0.358925 0.434476 0.001606 0.002257
0 0.357318 0.436398 0.001795 0.002257
0 0.360578 0.443460 0.001512 0.003009
0 0.362137 0.445884 0.001984 0.002173
0 0.362799 0.450731 0.001417 0.001672
0 0.365161 0.442081 0.002551 0.002424
0 0.372531 0.443042 0.001606 0.002507
0 0.371775 0.451525 0.002173 0.001755
0 0.374374 0.455286 0.002079 0.002758
0 0.376878 0.452152 0.001984 0.002173
0 0.373996 0.449687 0.002079 0.002591
0 0.378484 0.450063 0.001606 0.002674
0 0.379996 0.451901 0.001984 0.002674
0 0.374563 0.451818 0.002079 0.002173
0 0.375035 0.453364 0.001701 0.001755
0 0.380988 0.456749 0.001701 0.003176
0 0.390910 0.459005 0.002079 0.003009
0 0.395068 0.464898 0.001512 0.002257
0 0.397288 0.473757 0.002173 0.002925
0 0.406170 0.477894 0.002362 0.002507
0 0.407871 0.472754 0.001984 0.002925
0 0.405556 0.472336 0.002646 0.004095
0 0.405273 0.468700 0.002079 0.003343
0 0.403572 0.467530 0.002268 0.002842
0 0.391477 0.472127 0.001890 0.001672
0 0.414344 0.479816 0.002457 0.002340
0 0.414202 0.484580 0.002173 0.002173
0 0.415761 0.483786 0.002268 0.002089
0 0.414108 0.489887 0.001417 0.001922
0 0.419305 0.493439 0.001795 0.002674
0 0.419446 0.496448 0.001512 0.002006
0 0.422470 0.495403 0.001323 0.001755
0 0.425399 0.499582 0.001890 0.001755
0 0.427242 0.498412 0.002740 0.002257
0 0.427762 0.490305 0.002457 0.002257
0 0.428517 0.488508 0.002079 0.002507
0 0.431636 0.507480 0.002079 0.002006
0 0.430880 0.505140 0.002079 0.002340
0 0.436407 0.501797 0.001984 0.002340
0 0.436596 0.505391 0.001417 0.002006
0 0.437636 0.507522 0.001606 0.001755
0 0.436502 0.514375 0.001039 0.001755
0 0.438675 0.518011 0.001606 0.002507
0 0.441415 0.513832 0.001984 0.002674
0 0.441415 0.516339 0.002173 0.002507
0 0.445668 0.513957 0.002173 0.002925
0 0.444203 0.510405 0.001890 0.002507
0 0.444864 0.520059 0.002079 0.002758
0 0.448928 0.515754 0.003213 0.002674
0 0.448172 0.516715 0.003024 0.002089
0 0.447463 0.516966 0.002929 0.002257
0 0.457479 0.516590 0.001795 0.001672
0 0.453699 0.517092 0.002362 0.002842
0 0.450439 0.519975 0.002457 0.002257
0 0.436738 0.533723 0.002079 0.002006
0 0.457384 0.524279 0.002362 0.002340
0 0.456203 0.525324 0.002835 0.002591
0 0.455825 0.532804 0.002079 0.003176
0 0.459416 0.532637 0.002835 0.002507
0 0.460597 0.537150 0.003307 0.002842
0 0.468393 0.536022 0.003213 0.002758
0 0.471558 0.547472 0.001984 0.002089
0 0.474440 0.544964 0.001890 0.001922
0 0.473542 0.539699 0.002551 0.002424
0 0.473117 0.543126 0.002268 0.001254
0 0.474393 0.542332 0.002173 0.002006
0 0.476188 0.542499 0.001984 0.002006
0 0.475432 0.553907 0.002551 0.002758
0 0.483133 0.557083 0.003213 0.002089
0 0.485070 0.556247 0.001795 0.001922
0 0.485968 0.555244 0.002268 0.001922
0 0.559057 0.672796 0.002173 0.001839
0 0.776812 0.825073 0.001701 0.001504
