0 0.082870 0.260245 0.002316 0.002170
0 0.081805 0.265253 0.001853 0.001502
0 0.086900 0.275979 0.001482 0.001586
0 0.092598 0.285035 0.001575 0.001335
0 0.104410 0.294550 0.002038 0.001169
0 0.114369 0.307988 0.001946 0.001502
0 0.264499 0.389366 0.001482 0.000835
0 0.277376 0.396252 0.001668 0.001252
0 0.282981 0.397379 0.001390 0.001002
0 0.292060 0.401260 0.001019 0.001252
0 0.295071 0.406310 0.001297 0.001169
0 0.296229 0.408480 0.001204 0.001169
0 0.301417 0.412320 0.001760 0.001335
0 0.304567 0.409899 0.001760 0.001002
0 0.304428 0.408480 0.001482 0.001169
0 0.310867 0.409023 0.002131 0.001753
0 0.305725 0.414448 0.002038 0.001252
0 0.312766 0.419289 0.002038 0.001419
0 0.317213 0.420750 0.001668 0.001169
0 0.311608 0.416576 0.001946 0.001002
0 0.309477 0.413822 0.002501 0.001169
0 0.308875 0.414865 0.001853 0.000918
0 0.309061 0.417411 0.001668 0.001169
0 0.309339 0.417035 0.001297 0.001085
0 0.315175 0.413655 0.002038 0.001335
0 0.316009 0.415825 0.001853 0.001335
0 0.316750 0.414782 0.001668 0.000918
0 0.320965 0.415157 0.001760 0.002003
0 0.328747 0.414490 0.002131 0.001836
0 0.342273 0.424088 0.001575 0.002003
0 0.341254 0.424672 0.001946 0.002003
0 0.342181 0.426008 0.001946 0.001502
0 0.342783 0.428345 0.001297 0.001669
0 0.337549 0.428053 0.001760 0.001586
0 0.331341 0.426717 0.001204 0.001252
0 0.343895 0.436441 0.001853 0.002170
0 0.346304 0.438152 0.001668 0.001586
0 0.351167 0.434313 0.001946 0.001753
0 0.354132 0.427510 0.001760 0.002170
0 0.354919 0.434605 0.002038 0.002170
0 0.356031 0.437776 0.001853 0.002170
0 0.357977 0.444036 0.001482 0.001836
0 0.360246 0.443077 0.001390 0.001586
0 0.360941 0.441616 0.001668 0.001836
0 0.360432 0.439947 0.001946 0.001502
0 0.359181 0.437902 0.002409 0.002420
0 0.358116 0.435231 0.002316 0.002254
0 0.361404 0.437484 0.001482 0.002087
0 0.362748 0.437401 0.001204 0.001586
0 0.364369 0.436900 0.001853 0.001920
0 0.374838 0.447667 0.001482 0.001753
0 0.377015 0.453343 0.002131 0.001920
0 0.382527 0.450755 0.002038 0.001920
0 0.382157 0.451632 0.001853 0.001669
0 0.386882 0.459519 0.001853 0.001920
0 0.392579 0.456431 0.001760 0.002420
0 0.392162 0.458059 0.001853 0.002170
0 0.392672 0.469368 0.002131 0.002254
0 0.396331 0.469285 0.001853 0.002087
0 0.394293 0.460521 0.002038 0.002254
0 0.413702 0.476713 0.002131 0.002254
0 0.414767 0.478883 0.002409 0.002587
0 0.416435 0.479008 0.001853 0.003005
0 0.415601 0.486979 0.001668 0.001419
0 0.413748 0.486103 0.002038 0.001502
0 0.414582 0.484559 0.002223 0.002254
0 0.420326 0.492405 0.002223 0.002420
0 0.421901 0.488774 0.002409 0.001836
0 0.423800 0.487856 0.001575 0.001836
0 0.427506 0.490026 0.001946 0.002170
0 0.424819 0.499291 0.001760 0.002003
0 0.426858 0.496077 0.002316 0.001753
0 0.437743 0.490485 0.001853 0.001753
0 0.434037 0.504716 0.001297 0.001335
0 0.439087 0.505342 0.001575 0.001920
0 0.439781 0.507721 0.001482 0.001669
0 0.440893 0.509014 0.002223 0.001419
0 0.439179 0.510725 0.001575 0.001836
0 0.442561 0.510183 0.002038 0.001920
0 0.442700 0.513354 0.001760 0.001920
0 0.442839 0.514982 0.002594 0.002170
0 0.444553 0.517236 0.001946 0.002170
0 0.446961 0.513688 0.001946 0.002587
0 0.445664 0.515441 0.001204 0.001920
0 0.445711 0.507261 0.002038 0.001753
0 0.449370 0.523036 0.001946 0.002087
0 0.451177 0.519030 0.002409 0.001920
0 0.457384 0.520073 0.002223 0.002671
0 0.454141 0.521701 0.002223 0.002420
0 0.451871 0.525540 0.001760 0.002087
0 0.461321 0.519030 0.002687 0.001753
0 0.461970 0.520449 0.002687 0.002420
0 0.461970 0.533511 0.002316 0.002337
0 0.467528 0.534054 0.002687 0.001753
0 0.473133 0.535056 0.002409 0.001753
0 0.469566 0.528837 0.003057 0.002838
0 0.470863 0.544237 0.002316 0.002587
0 0.472114 0.547659 0.002038 0.002254
0 0.479294 0.548660 0.001946 0.002754
0 0.480962 0.546782 0.002316 0.002838
0 0.483139 0.546073 0.002223 0.002587
0 0.476190 0.543235 0.002223 0.001920
0 0.477858 0.541941 0.002409 0.002170
0 0.478970 0.539813 0.001297 0.002754
0 0.485177 0.544237 0.001668 0.002420
0 0.483834 0.549954 0.002131 0.002838
0 0.489161 0.554378 0.003706 0.002170
0 0.486659 0.555087 0.003891 0.002087
0 0.491152 0.563851 0.003243 0.002921
0 0.495183 0.560137 0.003150 0.003005
0 0.576200 0.698773 0.002131 0.002003
0 0.644154 0.743010 0.002038 0.001502
0 0.649944 0.742008 0.002687 0.001836
0 0.756902 0.800851 0.002594 0.002003
0 0.829720 0.863158 0.001853 0.001085
0 0.859598 0.859653 0.002131 0.002087
0 0.968408 0.938361 0.002779 0.002420
0 0.966648 0.933311 0.002409 0.002170
