0 0.044403 0.253855 0.001618 0.002917
0 0.043642 0.254355 0.001428 0.001917
0 0.045165 0.262232 0.000857 0.001167
0 0.044736 0.262899 0.001333 0.001500
0 0.047068 0.265150 0.001047 0.001500
0 0.048353 0.263483 0.001713 0.001500
0 0.049353 0.262941 0.001047 0.001750
0 0.053017 0.264108 0.001333 0.001750
0 0.051923 0.264066 0.001047 0.001834
0 0.050733 0.263983 0.001523 0.001334
0 0.107558 0.330041 0.001713 0.001250
0 0.105464 0.328374 0.001713 0.001917
0 0.107224 0.324581 0.002760 0.000834
0 0.110032 0.326540 0.002856 0.001250
0 0.109081 0.325123 0.001523 0.000917
0 0.129450 0.343919 0.001904 0.001500
0 0.170379 0.364966 0.002665 0.001750
0 0.165572 0.367800 0.002380 0.001250
0 0.188702 0.378595 0.002380 0.001167
0 0.215877 0.391973 0.001713 0.000917
0 0.227204 0.399058 0.001713 0.000917
0 0.236865 0.403309 0.001428 0.001084
0 0.229821 0.380804 0.001808 0.001250
0 0.236389 0.381470 0.001808 0.001250
0 0.244527 0.386763 0.001333 0.001000
0 0.242956 0.385888 0.001618 0.000917
0 0.249619 0.413187 0.001428 0.000667
0 0.250381 0.412270 0.001428 0.000834
0 0.257615 0.417688 0.001618 0.001167
0 0.266895 0.422897 0.001523 0.001250
0 0.289168 0.409894 0.002094 0.001417
0 0.295593 0.417979 0.001428 0.001250
0 0.295736 0.421314 0.001333 0.000917
0 0.299971 0.422689 0.001047 0.000834
0 0.297544 0.422856 0.001713 0.001000
0 0.299638 0.423773 0.001713 0.001000
0 0.298686 0.424148 0.001333 0.000750
0 0.301637 0.426190 0.001523 0.001334
0 0.300067 0.425523 0.001428 0.001334
0 0.308252 0.427023 0.002760 0.001500
0 0.289692 0.403309 0.002189 0.001584
0 0.316010 0.419897 0.002094 0.001750
0 0.313678 0.418188 0.002380 0.001500
0 0.316486 0.426648 0.002284 0.002084
0 0.317485 0.434859 0.002189 0.001000
0 0.310109 0.417396 0.001523 0.001584
0 0.324719 0.426065 0.002570 0.002417
0 0.330097 0.428482 0.002284 0.001417
0 0.331192 0.443653 0.001999 0.001917
0 0.336332 0.435150 0.001999 0.002417
0 0.339949 0.443319 0.001047 0.001417
0 0.340710 0.450779 0.001808 0.001334
0 0.345660 0.452113 0.001428 0.001334
0 0.352560 0.457281 0.001904 0.001834
0 0.328955 0.437318 0.001523 0.001750
0 0.327194 0.435942 0.001428 0.001334
0 0.325861 0.432400 0.001618 0.001750
0 0.344851 0.443694 0.002094 0.002167
0 0.346849 0.444278 0.001713 0.002334
0 0.349467 0.444986 0.001618 0.001584
0 0.350562 0.450654 0.002094 0.002417
0 0.353893 0.444153 0.002475 0.001917
0 0.358557 0.449737 0.001713 0.002417
0 0.358367 0.452155 0.001333 0.002584
0 0.361032 0.459615 0.001523 0.002167
0 0.364268 0.463658 0.002284 0.001917
0 0.369456 0.458156 0.001618 0.002417
0 0.375690 0.468492 0.001713 0.002417
0 0.376642 0.472493 0.001713 0.002084
0 0.379973 0.474035 0.001523 0.001834
0 0.395726 0.480412 0.002380 0.002417
0 0.402770 0.479578 0.002380 0.003084
0 0.392823 0.488872 0.001713 0.001834
0 0.399296 0.490956 0.001713 0.002001
0 0.405863 0.484413 0.002475 0.003251
0 0.407148 0.487705 0.002189 0.002667
0 0.404626 0.493457 0.003046 0.001834
0 0.407815 0.494290 0.001999 0.002001
0 0.412859 0.494665 0.001999 0.001917
0 0.413716 0.498208 0.002380 0.001167
0 0.415001 0.504168 0.001333 0.001917
0 0.414239 0.505376 0.001333 0.001834
0 0.415287 0.505960 0.000952 0.001334
0 0.417856 0.506710 0.001333 0.001500
0 0.419522 0.508127 0.001808 0.002334
0 0.416143 0.508544 0.001333 0.001500
0 0.429136 0.518755 0.001999 0.002584
0 0.433276 0.521214 0.002094 0.002001
0 0.438321 0.519422 0.002475 0.002751
0 0.439416 0.523923 0.001808 0.002251
0 0.443271 0.527048 0.001713 0.002501
0 0.443937 0.524881 0.002284 0.002167
0 0.445840 0.528215 0.001713 0.001667
0 0.445555 0.529591 0.001713 0.002084
0 0.439701 0.532341 0.001618 0.001917
0 0.442128 0.534675 0.001904 0.002751
0 0.445365 0.536551 0.001713 0.002167
0 0.449838 0.531341 0.002665 0.002251
0 0.447554 0.531883 0.002094 0.002167
0 0.446174 0.532675 0.002189 0.001750
0 0.445174 0.533300 0.002094 0.001834
0 0.455026 0.531925 0.001808 0.002251
0 0.460879 0.550846 0.002475 0.002584
0 0.464734 0.552722 0.002189 0.003668
0 0.468304 0.551388 0.002856 0.003334
0 0.477251 0.570476 0.001333 0.002334
0 0.479250 0.569809 0.002475 0.002334
0 0.478393 0.566350 0.002284 0.001917
0 0.470065 0.558306 0.001808 0.001167
0 0.475252 0.557723 0.002284 0.002167
0 0.474538 0.562307 0.002760 0.000667
0 0.475443 0.561890 0.002665 0.002501
0 0.475395 0.559723 0.002570 0.001834
0 0.477108 0.555806 0.002380 0.002167
0 0.479345 0.561224 0.002094 0.002501
0 0.635542 0.747312 0.002094 0.001417
0 0.643537 0.742352 0.001904 0.001834
0 0.775747 0.836918 0.001904 0.001084
0 0.864363 0.870384 0.002094 0.002167
0 0.890967 0.886847 0.001808 0.002417
