0 0.066763 0.212369 0.001763 0.001839
0 0.093254 0.272628 0.002227 0.001170
0 0.098682 0.277518 0.002320 0.001087
0 0.098358 0.278395 0.002227 0.001003
0 0.100492 0.280527 0.001856 0.001421
0 0.108008 0.284580 0.001670 0.001504
0 0.152640 0.332177 0.001856 0.000919
0 0.165027 0.340744 0.002134 0.001337
0 0.177183 0.347305 0.001949 0.001087
0 0.255823 0.370873 0.001485 0.000919
0 0.267793 0.376222 0.001299 0.000919
0 0.275077 0.382658 0.001206 0.001087
0 0.276654 0.384329 0.001577 0.000919
0 0.285469 0.384664 0.001021 0.001254
0 0.283567 0.386962 0.001113 0.000836
0 0.285051 0.387965 0.001299 0.001003
0 0.290433 0.391350 0.001670 0.001087
0 0.297485 0.392478 0.001299 0.001337
0 0.299202 0.397702 0.001577 0.001254
0 0.301151 0.398245 0.001206 0.000836
0 0.301939 0.397660 0.001856 0.001504
0 0.304027 0.398621 0.001021 0.001254
0 0.306440 0.397158 0.001392 0.001504
0 0.310894 0.395570 0.001763 0.001839
0 0.315394 0.399624 0.002227 0.001922
0 0.315208 0.397158 0.001856 0.001504
0 0.317946 0.403761 0.001206 0.001504
0 0.323003 0.408985 0.001113 0.000752
0 0.323235 0.410071 0.000835 0.001421
0 0.325601 0.399081 0.001856 0.002674
0 0.330843 0.401797 0.002320 0.002424
0 0.334277 0.407940 0.001949 0.001839
0 0.337107 0.407940 0.002413 0.002173
0 0.330611 0.411617 0.001485 0.001672
0 0.334369 0.416632 0.002134 0.001839
0 0.344112 0.410865 0.001392 0.001504
0 0.341746 0.409570 0.002227 0.002591
0 0.350051 0.421981 0.001577 0.001672
0 0.350376 0.423067 0.002041 0.001504
0 0.351165 0.426201 0.002320 0.001755
0 0.353067 0.423360 0.001485 0.001755
0 0.352464 0.420811 0.001949 0.001839
0 0.354227 0.422064 0.001949 0.002340
0 0.359933 0.425658 0.002227 0.001839
0 0.361975 0.424196 0.002041 0.001755
0 0.364712 0.430380 0.001577 0.001755
0 0.370650 0.431676 0.001392 0.002006
0 0.368841 0.441287 0.001856 0.001672
0 0.377053 0.446552 0.002134 0.002006
0 0.379698 0.442499 0.001856 0.002424
0 0.381924 0.438320 0.001299 0.002089
0 0.383595 0.442791 0.001856 0.002173
0 0.385404 0.439908 0.002320 0.002424
0 0.374084 0.431843 0.001577 0.002173
0 0.375615 0.440786 0.002227 0.001672
0 0.377749 0.438738 0.001670 0.002257
0 0.393106 0.462307 0.001392 0.001588
0 0.396725 0.463393 0.001577 0.001922
0 0.398812 0.464104 0.002227 0.002507
0 0.408555 0.468450 0.002041 0.002340
0 0.410040 0.464313 0.001670 0.002257
0 0.407627 0.460092 0.001670 0.002340
0 0.405586 0.458420 0.001856 0.002006
0 0.403823 0.453071 0.001856 0.002173
0 0.413566 0.469578 0.002041 0.001588
0 0.414772 0.472545 0.002227 0.001672
0 0.417138 0.482908 0.001949 0.002842
0 0.423773 0.489093 0.002041 0.002173
0 0.426742 0.492478 0.002041 0.001755
0 0.428598 0.491809 0.001856 0.001922
0 0.430222 0.498997 0.002134 0.001922
0 0.435743 0.495320 0.002598 0.002424
0 0.437970 0.495612 0.002227 0.002340
0 0.437645 0.497952 0.002320 0.002674
0 0.435882 0.497534 0.002320 0.002674
0 0.441960 0.504262 0.002227 0.002424
0 0.444187 0.505391 0.001670 0.002006
0 0.449105 0.508316 0.002041 0.002340
0 0.450960 0.507229 0.002784 0.002842
0 0.436532 0.523652 0.002320 0.002424
0 0.456713 0.520267 0.002784 0.002674
0 0.454626 0.514835 0.003062 0.002340
0 0.459265 0.522900 0.003062 0.002591
0 0.463997 0.529837 0.003619 0.003092
0 0.471328 0.538654 0.003248 0.002340
0 0.703257 0.762975 0.002041 0.001839
0 0.720562 0.761220 0.002320 0.002006
0 0.769277 0.812787 0.001949 0.001504
0 0.792104 0.829795 0.001763 0.001588
0 0.822168 0.848057 0.002134 0.001337
0 0.840911 0.836816 0.002876 0.001922
0 0.851211 0.843209 0.002320 0.002006
0 0.850701 0.845048 0.002413 0.001672
